"DOY" "Depth" "SIZE10" "SIZE3" "SIZE1" "SIZE_L1"
31 4.8 0.111111111111111 0.138888888888889 0.472222222222222 0.277777777777778
31 15.1 0.105263157894737 0.131578947368421 0.447368421052632 0.315789473684211
31 24.8 0.0731707317073171 0.146341463414634 0.48780487804878 0.292682926829268
31 34.6 0.108108108108108 0.135135135135135 0.378378378378378 0.378378378378378
31 45 0.0952380952380952 0.142857142857143 0.5 0.261904761904762
31 64.3 0.111111111111111 0.148148148148148 0.518518518518518 0.222222222222222
31 80.1 0.0967741935483871 0.129032258064516 0.516129032258065 0.258064516129032
31 100.1 0.15 0.15 0.5 0.2
31 125 0.181818181818182 0.181818181818182 0.454545454545455 0.181818181818182
33 5 0.0645161290322581 0.0967741935483871 0.387096774193548 0.451612903225806
33 14.7 0.0540540540540541 0.135135135135135 0.486486486486486 0.324324324324324
33 30.4 0.0606060606060606 0.121212121212121 0.424242424242424 0.393939393939394
33 50.5 0.0606060606060606 0.151515151515152 0.424242424242424 0.363636363636364
33 60.4 0.0645161290322581 0.161290322580645 0.419354838709677 0.354838709677419
33 70.3 0.0645161290322581 0.129032258064516 0.483870967741935 0.32258064516129
33 85.4 0.0714285714285714 0.142857142857143 0.428571428571428 0.357142857142857
33 99 0.0909090909090909 0.181818181818182 0.545454545454545 0.181818181818182
33 124 0.142857142857143 0.142857142857143 0.5 0.214285714285714
39 5.5 0.0638297872340425 0.127659574468085 0.425531914893617 0.382978723404255
39 15.6 0.104166666666667 0.125 0.375 0.395833333333333
39 30.9 0.106382978723404 0.106382978723404 0.382978723404255 0.404255319148936
39 50.4 0.0869565217391304 0.130434782608696 0.347826086956522 0.434782608695652
39 59.6 0.0930232558139535 0.116279069767442 0.441860465116279 0.348837209302326
39 70.4 0.0888888888888889 0.133333333333333 0.4 0.377777777777778
39 84.4 0.09375 0.125 0.4375 0.34375
39 100.4 0.2 0.2 0.4 0.2
39 125.9 0 0 0.5 0.5
40 5.1 0.0625 0.125 0.46875 0.34375
41 5.7 0.1 0.12 0.4 0.38
41 20.2 0.0833333333333333 0.1875 0.4375 0.291666666666667
41 34.8 0.0833333333333333 0.166666666666667 0.416666666666667 0.333333333333333
41 50.1 0.075 0.15 0.5 0.275
41 60 0.0714285714285714 0.166666666666667 0.476190476190476 0.285714285714286
41 80 0.0625 0.125 0.4375 0.375
41 94.9 0.2 0.2 0.4 0.2
41 100.9 0 0.25 0.5 0.25
41 125.3 0 0 1 0
41 5.9 0.08 0.16 0.46 0.3
313 70 0 0.0476190476190476 0.285714285714286 0.666666666666667
313 125.4 0.0555555555555556 0.0555555555555556 0.5 0.388888888888889
313 149.8 0 0 0.75 0.25
313 9.8 0 0.125 0.25 0.625
313 34.8 0 0.125 0.25 0.625
313 54.2 0.0588235294117647 0.117647058823529 0.294117647058824 0.529411764705882
313 65.3 0.05 0.05 0.25 0.65
313 79 0.0434782608695652 0.0869565217391304 0.434782608695652 0.434782608695652
313 94.8 0.04 0.04 0.4 0.52
313 109.8 0.037037037037037 0.037037037037037 0.37037037037037 0.555555555555555
311 89.8 0.0625 0.0625 0.5 0.375
311 49.4 0.0769230769230769 0.0769230769230769 0.307692307692308 0.538461538461539
311 10 0.0833333333333333 0.0833333333333333 0.25 0.583333333333333
311 90.9 0.0294117647058824 0.0294117647058824 0.294117647058824 0.647058823529412
311 125.3 0.0769230769230769 0 0.461538461538462 0.461538461538462
311 9.6 0.111111111111111 0.111111111111111 0.333333333333333 0.444444444444444
311 29.8 0 0.142857142857143 0.285714285714286 0.571428571428571
311 50.4 0 0.0909090909090909 0.363636363636364 0.545454545454545
311 65.1 0.0476190476190476 0.0476190476190476 0.333333333333333 0.571428571428571
311 75.8 0.0434782608695652 0.0869565217391304 0.434782608695652 0.434782608695652
311 91.1 0.0294117647058824 0.0588235294117647 0.411764705882353 0.5
311 105.7 0.0434782608695652 0.0434782608695652 0.434782608695652 0.478260869565217
48 100.9 0.552631578947368 0.171052631578947 0.184210526315789 0.0921052631578947
48 125.4 0.538461538461539 0.102564102564103 0.230769230769231 0.128205128205128
48 150.3 0 0 1 0
48 5.2 0.452054794520548 0.123287671232877 0.246575342465753 0.178082191780822
48 15.5 0.529411764705882 0.117647058823529 0.220588235294118 0.132352941176471
48 30.4 0.533333333333333 0.08 0.253333333333333 0.133333333333333
48 40.2 0.527027027027027 0.108108108108108 0.243243243243243 0.121621621621622
48 54.7 0.556818181818182 0.102272727272727 0.215909090909091 0.125
48 69.7 0.65625 0.0625 0.1875 0.09375
48 84.5 0.522222222222222 0.133333333333333 0.233333333333333 0.111111111111111
45 75.2 0.142857142857143 0.142857142857143 0.428571428571428 0.285714285714286
45 35.4 0.433333333333333 0.116666666666667 0.216666666666667 0.233333333333333
45 5.2 0.46031746031746 0.126984126984127 0.174603174603175 0.238095238095238
45 99.4 0.388888888888889 0.138888888888889 0.25 0.222222222222222
45 124.7 0.2 0.133333333333333 0.4 0.266666666666667
45 150.2 0.111111111111111 0.222222222222222 0.444444444444444 0.222222222222222
45 5.2 0.408450704225352 0.169014084507042 0.23943661971831 0.183098591549296
45 15.2 0.528089887640449 0.0786516853932584 0.224719101123596 0.168539325842697
45 25.1 0.5 0.1 0.225 0.175
45 33.8 0.493506493506494 0.0909090909090909 0.233766233766234 0.181818181818182
45 45.3 0.484848484848485 0.136363636363636 0.212121212121212 0.166666666666667
45 60.2 0.386363636363636 0.181818181818182 0.25 0.181818181818182
45 75.2 0.363636363636364 0.113636363636364 0.340909090909091 0.181818181818182
120 19.5 0.0909090909090909 0.136363636363636 0.409090909090909 0.363636363636364
120 40.2 0.116279069767442 0.116279069767442 0.325581395348837 0.441860465116279
120 74.6 0.25 0.0833333333333333 0.583333333333333 0.0833333333333333
120 100 0.272727272727273 0.0909090909090909 0.454545454545455 0.181818181818182
120 124.5 0.25 0.25 0.5 0
120 4.7 0.105263157894737 0.105263157894737 0.368421052631579 0.421052631578947
120 9.5 0.0952380952380952 0.142857142857143 0.380952380952381 0.380952380952381
120 24.5 0.0909090909090909 0.136363636363636 0.363636363636364 0.409090909090909
120 29.6 0.0967741935483871 0.193548387096774 0.32258064516129 0.387096774193548
120 34.5 0.0769230769230769 0.115384615384615 0.384615384615385 0.423076923076923
120 44.9 0.0985915492957747 0.126760563380282 0.47887323943662 0.295774647887324
120 54.6 0.205882352941176 0.117647058823529 0.470588235294118 0.205882352941176
118 54.8 0.269230769230769 0.153846153846154 0.423076923076923 0.153846153846154
118 29.9 0.127272727272727 0.0909090909090909 0.363636363636364 0.418181818181818
118 5.1 0.131578947368421 0.105263157894737 0.263157894736842 0.5
118 20.2 0.12280701754386 0.157894736842105 0.385964912280702 0.333333333333333
118 69.1 0.138461538461538 0.184615384615385 0.446153846153846 0.230769230769231
118 84.8 0.175 0.125 0.475 0.225
118 100.9 0.107142857142857 0.107142857142857 0.678571428571428 0.107142857142857
118 125 0.2 0.1 0.6 0.1
118 5 0.108695652173913 0.108695652173913 0.369565217391304 0.41304347826087
118 9.7 0.130434782608696 0.108695652173913 0.41304347826087 0.347826086956522
118 25.3 0.113207547169811 0.0943396226415094 0.490566037735849 0.30188679245283
118 29.9 0.142857142857143 0.122448979591837 0.36734693877551 0.36734693877551
118 35 0.166666666666667 0.145833333333333 0.395833333333333 0.291666666666667
118 39.8 0.12 0.14 0.44 0.3
118 55.1 0.102040816326531 0.122448979591837 0.489795918367347 0.285714285714286
208 70.1 0.180555555555556 0.0972222222222222 0.333333333333333 0.388888888888889
208 45 0.133333333333333 0.2 0.4 0.266666666666667
208 6.1 0.111111111111111 0.111111111111111 0.333333333333333 0.444444444444444
208 15.3 0.2 0.2 0.2 0.4
208 36.5 0.111111111111111 0.222222222222222 0.333333333333333 0.333333333333333
208 80.7 0.130434782608696 0.108695652173913 0.326086956521739 0.434782608695652
208 100.8 0.135135135135135 0.0810810810810811 0.378378378378378 0.405405405405405
208 130.4 0.0714285714285714 0.142857142857143 0.428571428571428 0.357142857142857
208 150.3 0.166666666666667 0.166666666666667 0.5 0.166666666666667
208 5.9 0 0.2 0.2 0.6
208 20.3 0.142857142857143 0.142857142857143 0.285714285714286 0.428571428571428
208 44.6 0.0909090909090909 0.181818181818182 0.272727272727273 0.454545454545455
208 55.9 0.0714285714285714 0.142857142857143 0.285714285714286 0.5
208 65.4 0.111111111111111 0.0555555555555556 0.333333333333333 0.5
208 70.5 0.131578947368421 0.0789473684210526 0.342105263157895 0.447368421052632
208 85.4 0.113207547169811 0.0754716981132075 0.415094339622641 0.39622641509434
205 19.6 0.166666666666667 0.166666666666667 0.333333333333333 0.333333333333333
205 41.4 0.222222222222222 0.111111111111111 0.222222222222222 0.444444444444444
205 85.5 0.0677966101694915 0.101694915254237 0.35593220338983 0.474576271186441
205 105.6 0.161290322580645 0.064516129032258 0.32258064516129 0.451612903225806
205 124.9 0.2 0.1 0.35 0.35
205 139.9 0.125 0.125 0.5 0.25
205 6.4 0.166666666666667 0.166666666666667 0.166666666666667 0.5
205 24.6 0 0.142857142857143 0.285714285714286 0.571428571428571
205 47.6 0.0833333333333333 0.0833333333333333 0.25 0.583333333333333
205 60 0.0666666666666667 0.133333333333333 0.266666666666667 0.533333333333333
205 70.1 0.0666666666666667 0.133333333333333 0.266666666666667 0.533333333333333
205 77.9 0.0555555555555556 0.111111111111111 0.25 0.583333333333333
205 94.1 0.15 0.125 0.275 0.45
179 26.8 0 0.0909090909090909 0.181818181818182 0.727272727272727
179 48.1 0.0625 0.125 0.1875 0.625
179 76.2 0.0612244897959184 0.102040816326531 0.326530612244898 0.510204081632653
179 90.5 0.0526315789473684 0.157894736842105 0.368421052631579 0.421052631578947
179 107.5 0.166666666666667 0.166666666666667 0.5 0.166666666666667
179 3.8 0 0.111111111111111 0.444444444444444 0.444444444444444
179 11.8 0 0.125 0.375 0.5
179 33 0 0.181818181818182 0.363636363636364 0.454545454545455
179 40 0.0833333333333333 0.166666666666667 0.25 0.5
179 53 0.0625 0.125 0.0625 0.75
179 57.2 0.037037037037037 0.148148148148148 0.259259259259259 0.555555555555555
179 66.6 0.0576923076923077 0.134615384615385 0.288461538461538 0.519230769230769
182 31.1 0.0833333333333333 0.166666666666667 0.166666666666667 0.583333333333333
182 50 0.0588235294117647 0.117647058823529 0.352941176470588 0.470588235294118
182 84.7 0.0689655172413793 0.103448275862069 0.448275862068966 0.379310344827586
182 99.9 0.1 0.2 0.5 0.2
182 120.1 0 0.333333333333333 0.333333333333333 0.333333333333333
182 7.1 0 0.125 0.375 0.5
182 17.8 0 0.285714285714286 0.142857142857143 0.571428571428571
182 36.2 0 0.285714285714286 0.142857142857143 0.571428571428571
182 43 0.1 0.2 0.2 0.5
182 55.6 0.0526315789473684 0.131578947368421 0.289473684210526 0.526315789473684
182 60 0.0789473684210526 0.131578947368421 0.236842105263158 0.552631578947368
182 73.8 0.0789473684210526 0.157894736842105 0.315789473684211 0.447368421052632
182 84.7 0.173913043478261 0.173913043478261 0.217391304347826 0.434782608695652
182 59.5 0.0833333333333333 0.15 0.25 0.516666666666667
182 6.6 0 0.166666666666667 0.166666666666667 0.666666666666667
