&parameters
mu0hat=2.55836663706506,
KN=1.00978597314569,
wDET=1,
aI0_C=0.0848859662463548,
Q0N=0.05,
mz=0.15,
gmax=1,
/
