&parameters
mu0hat=2.44224042385082,
KN=2.6,
wDET=2.673e-05,
aI0_C=0.113,
Q0N=0.04,
mz=0.05006,
gmax=1.614,
thetamax=0.614489252749741,
bot_bound=1,
/
