&parameters
mu0hat=0.8498,
KN=0.286,
KPHY=0.2784,
wDET=1.292,
aI0=0.04965,
alphaI=-0.256,
mz=0.1999,
KFe=0.168,
VTR=0.09965,
bot_bound=0,
/
