&parameters
mu0hat=2.49678579035204,
KN=0.547994463597289,
wDET=1,
aI0_C=0.0475290478281462,
Q0N=0.05,
mz=0.15,
gmax=1,
/
