&parameters
mu0hat=2.76141483413664,
KN=0.627321535403373,
wDET=1,
aI0_C=0.15103321638562,
Q0N=0.05,
mz=0.15,
gmax=1,
/
