&parameters
mu0hat=2.72379442849985,
KN=0.347808378386899,
wDET=1,
aI0_C=0.0828664699726982,
Q0N=0.05,
mz=0.15,
gmax=1,
/
