&parameters
mu0hat=2.65022971275677,
KN=0.59489571094556,
wDET=1,
aI0_C=0.083640601749161,
Q0N=0.05,
mz=0.15,
gmax=1,
/
